  npes   npe   mpe   idm   jdm  ibig  jbig  nreg  minsea  maxsea  avesea
  1647    60    38  1440  1153    24    31     2       0     744     604

ispt(  1) =      0     0     0     0     0     0     0     0
                 0     0   262   265   289     0     0     0
                 0     0     0     0     0     0     0     0
                 0     0     0     0     0     0     0     0
                 0     0     0     0     0     0     0     0
                 0     0     0     0     0     0     0     0
                 0  1184  1201  1225     0     0     0     0
                 0     0     0     0
iipe(  1) =      0     0     0     0     0     0     0     0
                 0     0     3    24     7     0     0     0
                 0     0     0     0     0     0     0     0
                 0     0     0     0     0     0     0     0
                 0     0     0     0     0     0     0     0
                 0     0     0     0     0     0     0     0
                 0    17    24    14     0     0     0     0
                 0     0     0     0
ispt(  2) =      0     0     0     0     0     0     0     0
                 0   230   241   265   289   313     0     0
                 0     0     0     0     0     0     0     0
                 0     0     0     0     0     0     0     0
                 0     0     0     0     0     0     0     0
                 0     0     0     0     0  1090  1105  1129
              1153  1177  1201  1225  1249  1273     0     0
                 0     0     0     0
iipe(  2) =      0     0     0     0     0     0     0     0
                 0    11    24    24    24    11     0     0
                 0     0     0     0     0     0     0     0
                 0     0     0     0     0     0     0     0
                 0     0     0     0     0     0     0     0
                 0     0     0     0     0    15    24    24
                24    24    24    24    24     9     0     0
                 0     0     0     0
ispt(  3) =      1    25     0     0     0     0     0     0
               193   217   241   265   289   313   337     0
                 0     0     0     0     0     0     0     0
                 0     0     0     0     0     0     0     0
                 0     0     0     0     0     0     0     0
                 0     0     0     0     0  1091  1105  1129
              1153  1177  1201  1225  1249  1273  1297  1321
                 0     0     0     0
iipe(  3) =     24    11     0     0     0     0     0     0
                24    24    24    24    24    24     6     0
                 0     0     0     0     0     0     0     0
                 0     0     0     0     0     0     0     0
                 0     0     0     0     0     0     0     0
                 0     0     0     0     0    14    24    24
                24    24    24    24    24    24    24    21
                 0     0     0     0
ispt(  4) =      1    25    59    73    97   121   145     0
               193   217   241   265   289   313   337   361
                 0     0     0     0     0     0     0     0
                 0     0     0     0     0     0     0     0
                 0     0     0     0     0     0     0     0
                 0     0     0     0     0  1095  1105  1129
              1153  1177  1201  1225  1249  1273  1297  1321
              1345  1369  1393  1417
iipe(  4) =     24    11    14    24    24    24     7     0
                24    24    24    24    24    24    24    15
                 0     0     0     0     0     0     0     0
                 0     0     0     0     0     0     0     0
                 0     0     0     0     0     0     0     0
                 0     0     0     0     0    10    24    24
                24    24    24    24    24    24    24    24
                24    24    24    24
ispt(  5) =      1    25    49    73    97   121   145     0
               196   217   241   265   289   313   337   361
               385   409   433   457   481   505   529   553
                 0     0     0     0     0   713   721     0
                 0     0     0     0     0     0     0     0
                 0     0     0     0     0  1084  1105  1129
              1153  1177  1201  1225  1249  1273  1297  1321
              1345  1369  1393  1417
iipe(  5) =     24    24    24    24    24    24     7     0
                21    24    24    24    24    24    24    24
                24    24    24    24    24    24    24    19
                 0     0     0     0     0     8    12     0
                 0     0     0     0     0     0     0     0
                 0     0     0     0     0    21    24    24
                24    24    24    24    24    24    24    24
                24    24    24    24
ispt(  6) =      1    25    49    73    97   121   145   169
               193   217   241   265   289   313   337   361
               385   409   433   457   481   505   529   553
               577   601   625     0   677   697   721   745
               769     0     0     0     0     0     0     0
                 0     0  1017  1033  1057  1081  1105  1129
              1153  1177  1201  1225  1249  1273  1297  1321
              1345  1369  1393  1417
iipe(  6) =     24    24    24    24    24    24    24    24
                24    24    24    24    24    24    24    24
                24    24    24    24    24    24    24    24
                24    24    12     0    20    24    24    24
                 6     0     0     0     0     0     0     0
                 0     0    16    24    24    24    24    24
                24    24    24    24    24    24    24    24
                24    24    24    24
ispt(  7) =      1    25    49    73    97   121   145   169
               193   217   241   265   289   313   337   361
               385   409   433   457   481   505   529   553
               577   601   625   649   673   697   721   745
               769   793   817   841   865   889   913   937
               961   985  1009  1033  1057  1081  1105  1129
              1153  1177  1201  1225  1249  1273  1297  1321
              1345  1369  1393  1417
iipe(  7) =     24    24    24    24    24    24    24    24
                24    24    24    24    24    24    24    24
                24    24    24    24    24    24    24    24
                24    24    24    24    24    24    24    24
                24    24    24    24    24    24    24    24
                24    24    24    24    24    24    24    24
                24    24    24    24    24    24    24    24
                24    24    24    24
ispt(  8) =      1    25    49    73    97   121   145   169
               193   217   241   265   289   313   337   361
               385   409   433   457   481   505   529   553
               577   601   625   649   673   697   721   745
               769   793   817   841   865   889   913   937
               961   985  1009  1033  1057  1081  1105  1129
              1153  1177  1201  1225  1249  1273  1297  1321
              1345  1369  1393  1417
iipe(  8) =     24    24    24    24    24    24    24    24
                24    24    24    24    24    24    24    24
                24    24    24    24    24    24    24    24
                24    24    24    24    24    24    24    24
                24    24    24    24    24    24    24    24
                24    24    24    24    24    24    24    24
                24    24    24    24    24    24    24    24
                24    24    24    24
ispt(  9) =      1    25    49    73    97   121   145   169
               193   217   241   265   289   313   337   361
               385   409   433   457   481   505   529   553
               577   601   625   649   673   697   721   745
               769   793   817   841   865   889   913   937
               961   985  1009  1033  1057  1081  1105  1129
              1153  1177  1201  1225  1249  1273  1297  1321
              1345  1369  1393  1417
iipe(  9) =     24    24    24    24    24    24    24    24
                24    24    24    24    24    24    24    24
                24    24    24    24    24    24    24    24
                24    24    24    24    24    24    24    24
                24    24    24    24    24    24    24    24
                24    24    24    24    24    24    24    24
                24    24    24    24    24    24    24    24
                24    24    24    24
ispt( 10) =      1    25    49    73    97   121   145   169
               193   217   241   265   289   313   337   361
               385   409   433   457   481   505   529   553
               577   601   625   649   673   697   721   745
               769   793   817   841   865   889   913   937
               961   985  1009  1033  1057  1081  1105  1129
              1153  1177  1201  1225  1249  1273  1297  1321
              1345  1369  1393  1417
iipe( 10) =     24    24    24    24    24    24    24    24
                24    24    24    24    24    24    24    24
                24    24    24    24    24    24    24    24
                24    24    24    24    24    24    24    24
                24    24    24    24    24    24    24    24
                24    24    24    24    24    24    24    24
                24    24    24    24    24    24    24    24
                24    24    24    24
ispt( 11) =      1    25    49    73    97   121   145   169
               193   217   241   265   289   313   337   361
               385   409   433   457   481   505   529   553
               577   601   625   649   673   697   721   745
               769   793   817   841   865   889   913   937
               961   985  1009  1033  1057  1081  1105  1129
              1153  1177  1201  1225  1249  1273  1297  1321
              1345  1369  1393  1417
iipe( 11) =     24    24    24    24    24    24    24    24
                24    24    24    24    24    24    24    24
                24    24    24    24    24    24    24    24
                24    24    24    24    24    24    24    24
                24    24    24    24    24    24    24    24
                24    24    24    24    24    24    24    24
                24    24    24    24    24    24    24    24
                24    24    24    24
ispt( 12) =      1    25    49    73    97   121   145   169
               193   217   241   265   289   313   337   361
               385   409   433   457   481   505   529   553
               577   601   625   649   673   697   721   745
               769   793   817   841   865   889   913   937
               961   985  1009  1033  1057  1081  1105  1129
              1153  1177  1201  1225  1249  1273  1297  1321
              1345  1369  1393  1417
iipe( 12) =     24    24    24    24    24    24    24    24
                24    24    24    24    24    24    24    24
                24    24    24    24    24    24    24    24
                24    24    24    24    24    24    24    24
                24    24    24    24    24    24    24    24
                24    24    24    24    24    24    24    24
                24    24    24    24    24    24    24    24
                24    24    24    24
ispt( 13) =      1    25    49    73    97   121   145   179
               193   217   241   265   289   313   337   361
               385   409   433   457   481   505   529   553
               577   601   625   649   673   697   721   745
               769   793   817   841   865   889   913   937
               961   985  1009  1033  1057  1081  1105  1129
              1153  1177  1201  1225  1249  1273  1297  1321
              1345  1369  1393  1417
iipe( 13) =     24    24    24    24    24    24     6    14
                24    24    24    24    24    24    24    24
                24    24    24    24    24    24    24    24
                24    24    24    24    24    24    24    24
                24    24    24    24    24    24    24    24
                24    24    24    24    24    24    24    24
                24    24    24    24    24    24    24    24
                24    24    24    24
ispt( 14) =      1    25    49    73    97   121   145     0
               211   217   241   265   289   313   337   361
               385   409   433   457   481   505   529   553
               577   601   625   649   673   697   721   745
               769   793   817   841   865   889   913   937
               961   985     0  1033  1057  1081  1105  1129
              1153  1177  1201  1225  1249  1273  1297  1321
              1345  1369  1393  1417
iipe( 14) =     24    24    24    24    24    24    11     0
                 6    24    24    24    24    24    24    24
                24    24    24    24    24    24    24    24
                24    24    24    24    24    24    24    24
                24    24    24    24    24    24    24    24
                24    18     0    24    24    24    24    24
                24    24    24    24    24    24    24    24
                24    24    24    24
ispt( 15) =      1    25    49    73    97   121   145     0
                 0   236   241   265   289   313   337   361
               385   409   433   457   481   505     0   560
               577   601   625   649   673   697   721   745
               769   793   817   841   865   889     0     0
                 0     0     0  1044  1057  1081  1105  1129
              1153  1177  1201  1225  1249  1273  1297  1321
              1345  1369  1393  1417
iipe( 15) =     24    24    24    24    24    24    15     0
                 0     5    24    24    24    24    24    24
                24    24    24    24    24     9     0    17
                24    24    24    24    24    24    24    24
                24    24    24    24    24    15     0     0
                 0     0     0    13    24    24    24    24
                24    24    24    24    24    24    24    24
                24    24    24    24
ispt( 16) =      1    25    49    73    97   121   145     0
                 0     0   252   265   289   313   337   361
               385   409   433   457   481     0     0     0
               577   601   625   649   673   697   721   745
               769   793   817   841   865   889   913   937
                 0   989  1009  1033  1057  1081  1105  1129
              1153  1177  1201  1225  1249  1273  1297  1321
              1345  1369  1393  1417
iipe( 16) =     24    24    24    24    24    24    17     0
                 0     0    13    24    24    24    24    24
                24    24    24    24    19     0     0     0
                24    24    24    24    24    24    24    24
                24    24    24    24    24    24    24     3
                 0    20    24    24    24    24    24    24
                24    24    24    24    24    24    24    24
                24    24    24    24
ispt( 17) =      1    25    49    73    97   121   145     0
                 0     0     0   283   289   313   337   361
               385   409   433   457   481     0     0     0
               593   601   625   649   673   697   721   745
               769   793   817   841   865   889   913   937
               961   985  1009  1033  1057  1081  1105  1129
              1153  1177  1201  1225  1249  1273  1297  1321
              1345  1369  1393  1417
iipe( 17) =     24    24    24    24    24    24    10     0
                 0     0     0     6    24    24    24    24
                24    24    24    24    16     0     0     0
                 8    24    24    24    24    24    24    24
                24    24    24    24    24    24    24    24
                24    24    24    24    24    24    24    24
                24    24    24    24    24    24    24    24
                24    24    24    24
ispt( 18) =      1    25    49    73    97   121     0     0
                 0     0   247   265   289   313   337   361
               385   409   433   457   481     0     0     0
               595   601   625   649   673   697   721   745
               769   793   817   841   865   889   913   937
               961   985  1009  1033  1057  1081  1105  1129
              1153  1177  1201  1225  1249  1273  1297  1321
              1345  1369  1393  1417
iipe( 18) =     24    24    24    24    24     8     0     0
                 0     0    18    24    24    24    24    24
                24    24    24    24    14     0     0     0
                 6    24    24    24    24    24    24    24
                24    24    24    24    24    24    24    24
                24    24    24    24    24    24    24    24
                24    24    24    24    24    24    24    24
                24    24    24    24
ispt( 19) =      1    25    49    73    97   121     0     0
               207   217   241   265   289   313   337   361
               385   409   433   457     0     0     0     0
                 0   605   625   649   673   697   721   745
               769   793   817   841   865   889   913   937
               961   985  1009  1033  1057  1081  1105  1129
              1153  1177  1201  1225  1249  1273  1297  1321
              1345  1369  1393  1417
iipe( 19) =     24    24    24    24    24    12     0     0
                10    24    24    24    24    24    24    24
                24    24    24    24     0     0     0     0
                 0    20    24    24    24    24    24    24
                24    24    24    24    24    24    24    24
                24    24    24    24    24    24    24    24
                24    24    24    24    24    24    24    24
                24    24    24    24
ispt( 20) =      1    25    49    73    97   121   145   169
               193   217   241   265   289   313   337   361
               385     0   441   457     0     0     0     0
                 0   605   625   649   673   697   721   745
               769   793   817   841   865   889   913   937
               961   985  1009  1033  1057  1081  1105  1129
              1153  1177  1201  1225  1249  1273  1297  1321
              1345  1369  1393  1417
iipe( 20) =     24    24    24    24    24    24    24    24
                24    24    24    24    24    24    24    24
                17     0    16     5     0     0     0     0
                 0    20    24    24    24    24    24    24
                24    24    24    24    24    24    24    24
                24    24    24    24    24    24    24    24
                24    24    24    24    24    24    24    24
                24    24    24    24
ispt( 21) =      1    25    49    73    97   121   145   169
               193   217   241   265   289   313   337   361
                 0     0     0     0     0     0     0     0
               588   601   625   649   673   697   721   760
               769   793   817   841   865   889   913   937
               961   985  1009  1033  1057  1081  1105  1129
              1153  1177  1201  1225  1249  1273  1297  1321
              1345  1369  1393  1417
iipe( 21) =     24    24    24    24    24    24    24    24
                24    24    24    24    24    24    24    17
                 0     0     0     0     0     0     0     0
                13    24    24    24    24    24    20     9
                24    24    24    24    24    24    24    24
                24    24    24    24    24    24    24    24
                24    24    24    24    24    24    24    24
                24    24    24    24
ispt( 22) =      1     0    49    73    97   121   145   169
               193   217   241   265   289   313   337   361
               385     0     0     0     0     0     0   571
               577     0   633   649   673   697   721     0
               788   793     0     0   865   889   913   937
               961   985  1009  1033  1057  1081  1105  1129
              1153  1177  1201  1225  1249  1273  1297  1321
              1345  1369  1393  1417
iipe( 22) =     20     0    24    24    24    24    24    24
                24    24    24    24    24    24    24    24
                14     0     0     0     0     0     0     6
                24     0    16    24    24    24    12     0
                 5    18     0     0    24    24    24    24
                24    24    24    24    24    24    24    24
                24    24    24    24    24    24    24    24
                24    24    24    24
ispt( 23) =      0     0    49    73    97   121   145   169
               193   217   241   265   289   313   337   361
               385   409   433   478   481   505   529   553
               577     0   633   649     0     0     0     0
                 0     0     0     0     0     0   917   937
               961   985  1009  1033  1057  1081  1105  1129
              1153  1177  1201  1225  1249  1273  1297  1321
              1345  1369  1393  1417
iipe( 23) =      0     0    24    24    24    24    24    24
                24    24    24    24    24    24    24    24
                24    24     4     3    24    24    24    24
                 9     0    16     3     0     0     0     0
                 0     0     0     0     0     0    20    24
                24    24    24    24    24    24    24    24
                24    24    24    24    24    24    24    24
                24    24    24    24
ispt( 24) =      0     0     0     0     0   130   145   169
               193   217   241   265   289   313   337   361
               385   409   433   457   481   505   529   553
               577   601     0     0     0     0     0     0
                 0     0     0     0     0   910   913   937
               961   985  1009  1033  1057  1081  1105  1129
              1153  1177  1201  1225  1249  1273  1297  1321
              1345  1369  1393     0
iipe( 24) =      0     0     0     0     0    15    24    24
                24    24    24    24    24    24    24    24
                24    24    24    24    24    24    24    24
                24     7     0     0     0     0     0     0
                 0     0     0     0     0     3    24    24
                24    24    24    24    24    24    24    24
                24    24    24    24    24    24    24    24
                24    24    11     0
ispt( 25) =      0     0     0     0     0     0   145   169
               193   217   241   265   289   313   337   361
               385   409   433   457   481   505   532   553
               577   601     0     0     0     0     0     0
                 0     0     0     0     0     0     0   957
               961   985  1009  1033  1057  1081  1105  1129
              1153  1177  1201  1225  1249  1273  1297  1321
              1345  1369     0     0
iipe( 25) =      0     0     0     0     0     0    24    24
                24    24    24    24    24    24    24    24
                24    24    24    24    24    15    21    24
                24     8     0     0     0     0     0     0
                 0     0     0     0     0     0     0     4
                24    24    24    24    24    24    24    24
                24    24    24    24    24    24    24    24
                24    17     0     0
ispt( 26) =      0     0     0     0     0     0   162   169
               193   217   241   265   289   313   337   361
               385   409   433     0     0     0     0   561
               577     0     0     0     0     0     0     0
                 0     0     0     0     0     0     0     0
                 0   992  1009  1033  1057  1081  1105  1129
              1153  1177  1201  1225  1249  1273  1297  1321
              1345  1369     0     0
iipe( 26) =      0     0     0     0     0     0     7    24
                24    24    24    24    24    24    24    24
                24    24    24     0     0     0     0    16
                19     0     0     0     0     0     0     0
                 0     0     0     0     0     0     0     0
                 0    17    24    24    24    24    24    24
                24    24    24    24    24    24    24    24
                24    24     0     0
ispt( 27) =      0     0     0     0   112   121     0     0
               203   217   241   265   289   313   337   361
               385   409   433   457   481   505     0     0
                 0     0     0     0     0     0     0     0
                 0     0     0     0     0     0     0     0
               982   985  1009  1033  1057  1081  1105  1129
              1153  1177  1201  1225  1249  1273  1297  1321
              1345  1369     0     0
iipe( 27) =      0     0     0     0     9     7     0     0
                14    24    24    24    24    24    24    24
                24    24    24    24    24    19     0     0
                 0     0     0     0     0     0     0     0
                 0     0     0     0     0     0     0     0
                 3    24    24    24    24    24    24    24
                24    24    24    24    24    24    24    24
                24    13     0     0
ispt( 28) =      0     0     0    85    97   121     0     0
               193   217   241   265   289   313   337   361
               385   409   433   457   481   505   529     0
                 0     0     0     0     0     0     0     0
                 0     0     0     0     0     0     0     0
                 0   985  1009  1033  1057  1081  1105  1129
              1153  1177  1201  1225  1249  1273  1297  1321
              1345     0     0     0
iipe( 28) =      0     0     0    12    24    18     0     0
                24    24    24    24    24    24    24    24
                24    24    24    24    24    24     7     0
                 0     0     0     0     0     0     0     0
                 0     0     0     0     0     0     0     0
                 0    24    24    24    24    24    24    24
                24    24    24    24    24    24    24    24
                14     0     0     0
ispt( 29) =      0     0    66    73    97   121   165   169
               193   217   241   265   289   313   337   361
               385   409   433   457   481   505   529   553
                 0     0     0     0     0     0     0     0
                 0     0     0     0     0     0     0     0
                 0     0     0     0  1057  1081  1105  1129
              1153  1177  1201  1225  1249  1273  1297  1321
                 0     0     0     0
iipe( 29) =      0     0     7    24    24    18     4    24
                24    24    24    24    24    24    24    24
                24    24    24    24    24    24    24     3
                 0     0     0     0     0     0     0     0
                 0     0     0     0     0     0     0     0
                 0     0     0     0    24    24    24    24
                24    24    24    24    24    24    24    24
                 0     0     0     0
ispt( 30) =      0     0    65    73    97   121   145   169
               193   217   241   281   289   313   337   361
               385   409   433   457   501   505     0     0
                 0     0     0     0     0     0     0     0
                 0     0     0     0     0     0     0     0
                 0     0     0     0     0     0     0  1144
              1153  1177  1201  1225  1265  1273     0     0
                 0     0     0     0
iipe( 30) =      0     0     8    24    24    24    24    24
                24    24     7     8    24    24    24    24
                24    24    24    21     4    19     0     0
                 0     0     0     0     0     0     0     0
                 0     0     0     0     0     0     0     0
                 0     0     0     0     0     0     0     9
                24    24    24     3     8    24     0     0
                 0     0     0     0
ispt( 31) =      0     0    67    73    97   121   145   169
               193   217   241     0   310   313   337   361
               385   409   433   457   481   510     0   557
               577     0     0     0     0     0     0     0
                 0     0     0     0     0     0     0     0
                 0     0     0  1054  1057  1081  1105  1129
              1153  1177  1201     0     0     0     0     0
                 0     0     0     0
iipe( 31) =      0     0     6    24    24    24    24    24
                24    24    19     0     3    24    24    24
                24    24    24    24     4    16     0    20
                 5     0     0     0     0     0     0     0
                 0     0     0     0     0     0     0     0
                 0     0     0     3    24    24    24    24
                24    24    17     0     0     0     0     0
                 0     0     0     0
ispt( 32) =      0     0     0    80    97   121   145   169
               199   217   241     0     0     0   337   361
               385   409   433   457   481     0   544   553
               577     0     0     0     0     0     0     0
                 0     0     0     0     0     0     0     0
                 0   985  1009  1033  1057  1081  1105  1129
              1153  1177  1201     0     0     0     0     0
                 0     0     0     0
iipe( 32) =      0     0     0    17    24    24    24    14
                18    24    24     0     0     0    24    24
                24    24    24    24    16     0     9    24
                 6     0     0     0     0     0     0     0
                 0     0     0     0     0     0     0     0
                 0    24    24    24    24    24    24    24
                24    24    12     0     0     0     0     0
                 0     0     0     0
ispt( 33) =      0     0     0     0   110   121   145   169
               201   217   241     0     0     0   346   361
               385   409   433   457   481   505   529   553
               577     0     0     0     0     0     0     0
                 0     0     0     0     0     0     0     0
               961   985  1009  1033  1057  1081  1105  1129
              1153  1177  1201  1225  1249  1273     0     0
                 0     0     0     0
iipe( 33) =      0     0     0     0    11    24    24    14
                16    24    24     0     0     0    15    24
                24    24    24    24    24    24    24    24
                20     0     0     0     0     0     0     0
                 0     0     0     0     0     0     0     0
                24    24    24    24    24    24    24    24
                24    24    24    24    24    11     0     0
                 0     0     0     0
ispt( 34) =      0     0     0     0     0   128   145   169
               193   217   241     0     0     0   357   361
               385   409   433   457   481   505   529   553
               577     0     0     0     0     0     0     0
                 0     0     0     0     0     0   932   937
               961   985  1009  1033  1057  1081  1105  1129
              1153  1177  1201  1225  1249  1273     0     0
                 0     0     0     0
iipe( 34) =      0     0     0     0     0    17    24    24
                24    24    24     0     0     0     4    24
                24    24    24    24    24    24    24    24
                20     0     0     0     0     0     0     0
                 0     0     0     0     0     0     5    24
                24    24    24    24    24    24    24    24
                24    24    24    24    24    24     0     0
                 0     0     0     0
ispt( 35) =      0     0     0     0   103   121   145   169
               193   217   241   265     0     0   342   361
               385   409   433   457   481   505   529   553
               577   601     0     0     0     0     0     0
                 0     0     0     0     0     0     0   947
               961   985  1009  1033  1057  1081  1105  1129
              1153  1177  1201  1225  1249  1273  1297     0
                 0     0     0     0
iipe( 35) =      0     0     0     0    18    24    24    24
                24    24    24    16     0     0    19    24
                24    24    24    24    24    24    24    24
                24     6     0     0     0     0     0     0
                 0     0     0     0     0     0     0    14
                24    24    24    24    24    24    24    24
                24    24    24    24    24    24    17     0
                 0     0     0     0
ispt( 36) =      0     0     0    94    97   121   145   169
               193   217   241   265   289   313   337   361
               385   409   433   457   481   505   529   553
               577   601     0     0     0     0     0     0
                 0   811     0   856   865   895   913   937
               961   985  1009  1033  1057  1081  1105  1129
              1153  1177  1201  1225  1249  1273  1297  1321
                 0     0     0     0
iipe( 36) =      0     0     0     3    24    24    24    24
                24    24    24    24    24    24    24    24
                24    24    24    24    24    24    24    24
                24    15     0     0     0     0     0     0
                 0     6     0     9    10    18    24    24
                24    24    24    24    24    24    24    24
                24    24    24    24    24    24    24     5
                 0     0     0     0
ispt( 37) =      0     0     0    94    97   121   145   169
               193   217   241   265   289   313   337   361
               385   409   433   457   481   505   529   553
               577   601     0     0     0     0     0     0
                 0   793   817   854   865   889   913   937
               961   985  1009  1033  1057  1081  1105  1129
              1153  1177  1201  1225  1249  1273  1297  1321
              1345     0     0     0
iipe( 37) =      0     0     0     3    24    24    24    24
                24    24    24    24    24    24    24    24
                24    24    24    24    24    24    24    24
                24    13     0     0     0     0     0     0
                 0    24    15    11    24    24    24    24
                24    24    24    24    24    24    24    24
                24    24    24    24    24    24    24    24
                 9     0     0     0
ispt( 38) =      0     0     0    73    97   121   145   169
               193   217   241   265   289   313   337   361
               385   409   433   457   481   505   529   553
               577   601   625   649     0     0     0     0
               769   793   817   841   865   889   913   937
               961   985  1009  1033  1057  1081  1105  1129
              1153  1177  1201  1225  1249  1273  1297  1321
              1345     0     0     0
iipe( 38) =      0     0     0    24    24    24    24    24
                24    24    24    24    24    24    24    24
                24    24    24    24    24    24    24    24
                24    24    24    24     0     0     0     0
                24    24    24    24    24    24    24    24
                24    24    24    24    24    24    24    24
                24    24    24    24    24    24    24    24
                24     0     0     0

jspt(  1) =      1    31    61    91   121   151   181   211
               241   271   301   331   361   392   423   454
               485   516   547   578   609   640   671   702
               733   764   794   824   854   884   914   944
               974  1004  1034  1064  1094  1124
jjpe(  1) =     30    30    30    30    30    30    30    30
                30    30    30    30    31    31    31    31
                31    31    31    31    31    31    31    31
                31    30    30    30    30    30    30    30
                30    30    30    30    30    30
