  npes   npe   mpe   idm   jdm  ibig  jbig  nreg  minsea  maxsea  avesea
  1906    60    44  1440  1153    24    27     2       0     648     522

ispt(  1) =      0     0     0     0     0     0     0     0
                 0     0     0   284   289     0     0     0
                 0     0     0     0     0     0     0     0
                 0     0     0     0     0     0     0     0
                 0     0     0     0     0     0     0     0
                 0     0     0     0     0     0     0     0
                 0     0  1222  1225     0     0     0     0
                 0     0     0     0
iipe(  1) =      0     0     0     0     0     0     0     0
                 0     0     0     5     4     0     0     0
                 0     0     0     0     0     0     0     0
                 0     0     0     0     0     0     0     0
                 0     0     0     0     0     0     0     0
                 0     0     0     0     0     0     0     0
                 0     0     3     4     0     0     0     0
                 0     0     0     0
ispt(  2) =      0     0     0     0     0     0     0     0
                 0   238   241   265   289   313     0     0
                 0     0     0     0     0     0     0     0
                 0     0     0     0     0     0     0     0
                 0     0     0     0     0     0     0     0
                 0     0     0     0     0  1091  1105  1129
              1153  1177  1201  1225  1249  1273     0     0
                 0     0     0     0
iipe(  2) =      0     0     0     0     0     0     0     0
                 0     3    24    24    24     3     0     0
                 0     0     0     0     0     0     0     0
                 0     0     0     0     0     0     0     0
                 0     0     0     0     0     0     0     0
                 0     0     0     0     0    14    24    24
                24    24    24    24    24     5     0     0
                 0     0     0     0
ispt(  3) =      0     0     0     0     0     0     0     0
               207   217   241   265   289   313   337     0
                 0     0     0     0     0     0     0     0
                 0     0     0     0     0     0     0     0
                 0     0     0     0     0     0     0     0
                 0     0     0     0     0  1090  1105  1129
              1153  1177  1201  1225  1249  1273  1297     0
                 0     0     0     0
iipe(  3) =      0     0     0     0     0     0     0     0
                10    24    24    24    24    24     3     0
                 0     0     0     0     0     0     0     0
                 0     0     0     0     0     0     0     0
                 0     0     0     0     0     0     0     0
                 0     0     0     0     0    15    24    24
                24    24    24    24    24    24    20     0
                 0     0     0     0
ispt(  4) =      1    25     0     0   110     0     0     0
               193   217   241   265   289   313   337     0
                 0     0     0     0     0     0     0     0
                 0     0     0     0     0     0     0     0
                 0     0     0     0     0     0     0     0
                 0     0     0     0     0  1091  1105  1129
              1153  1177  1201  1225  1249  1273  1297  1321
              1345  1369  1393  1417
iipe(  4) =     24    11     0     0     7     0     0     0
                24    24    24    24    24    24    21     0
                 0     0     0     0     0     0     0     0
                 0     0     0     0     0     0     0     0
                 0     0     0     0     0     0     0     0
                 0     0     0     0     0    14    24    24
                24    24    24    24    24    24    24    24
                24    24    24    24
ispt(  5) =      1    25    49    73    97   121   145     0
               197   217   241   265   289   313   337   361
               385     0     0     0     0     0     0     0
                 0     0     0     0     0   713   721     0
                 0     0     0     0     0     0     0     0
                 0     0     0     0     0  1102  1105  1129
              1153  1177  1201  1225  1249  1273  1297  1321
              1345  1369  1393  1417
iipe(  5) =     24    24    24    24    24    24     7     0
                20    24    24    24    24    24    24    24
                13     0     0     0     0     0     0     0
                 0     0     0     0     0     8     3     0
                 0     0     0     0     0     0     0     0
                 0     0     0     0     0     3    24    24
                24    24    24    24    24    24    24    24
                24    24    24    24
ispt(  6) =      1    25    49    73    97   121   145     0
               193   217   241   265   289   313   337   361
               385   409   433   457   481   505   529   553
               582     0     0     0     0   713   721     0
                 0     0     0     0     0     0     0     0
                 0     0     0     0  1078  1081  1105  1129
              1153  1177  1201  1225  1249  1273  1297  1321
              1345  1369  1393  1417
iipe(  6) =     24    24    24    24    24    24    24     0
                24    24    24    24    24    24    24    24
                24    24    24    24    24    24    24    21
                19     0     0     0     0     8    24     0
                 0     0     0     0     0     0     0     0
                 0     0     0     0     3    24    24    24
                24    24    24    24    24    24    24    24
                24    24    24    24
ispt(  7) =      1    25    49    73    97   121   145   169
               193   217   241   265   289   313   337   361
               385   409   433   457   481   505   529   553
               577   601   625     0   673   697   721   745
               769     0     0     0     0     0   913     0
                 0     0  1017  1033  1057  1081  1105  1129
              1153  1177  1201  1225  1249  1273  1297  1321
              1345  1369  1393  1417
iipe(  7) =     24    24    24    24    24    24    24    24
                24    24    24    24    24    24    24    24
                24    24    24    24    24    24    24    24
                24    24    18     0    24    24    24    24
                15     0     0     0     0     0    13     0
                 0     0    16    24    24    24    24    24
                24    24    24    24    24    24    24    24
                24    24    24    24
ispt(  8) =      1    25    49    73    97   121   145   169
               193   217   241   265   289   313   337   361
               385   409   433   457   481   505   529   553
               577   601   625   649   673   697   721   745
               769   793   817   841   865   889   913   937
               961   985  1009  1033  1057  1081  1105  1129
              1153  1177  1201  1225  1249  1273  1297  1321
              1345  1369  1393  1417
iipe(  8) =     24    24    24    24    24    24    24    24
                24    24    24    24    24    24    24    24
                24    24    24    24    24    24    24    24
                24    24    24    24    24    24    24    24
                24    24    24    24    24    24    24    24
                24    24    24    24    24    24    24    24
                24    24    24    24    24    24    24    24
                24    24    24    24
ispt(  9) =      1    25    49    73    97   121   145   169
               193   217   241   265   289   313   337   361
               385   409   433   457   481   505   529   553
               577   601   625   649   673   697   721   745
               769   793   817   841   865   889   913   937
               961   985  1009  1033  1057  1081  1105  1129
              1153  1177  1201  1225  1249  1273  1297  1321
              1345  1369  1393  1417
iipe(  9) =     24    24    24    24    24    24    24    24
                24    24    24    24    24    24    24    24
                24    24    24    24    24    24    24    24
                24    24    24    24    24    24    24    24
                24    24    24    24    24    24    24    24
                24    24    24    24    24    24    24    24
                24    24    24    24    24    24    24    24
                24    24    24    24
ispt( 10) =      1    25    49    73    97   121   145   169
               193   217   241   265   289   313   337   361
               385   409   433   457   481   505   529   553
               577   601   625   649   673   697   721   745
               769   793   817   841   865   889   913   937
               961   985  1009  1033  1057  1081  1105  1129
              1153  1177  1201  1225  1249  1273  1297  1321
              1345  1369  1393  1417
iipe( 10) =     24    24    24    24    24    24    24    24
                24    24    24    24    24    24    24    24
                24    24    24    24    24    24    24    24
                24    24    24    24    24    24    24    24
                24    24    24    24    24    24    24    24
                24    24    24    24    24    24    24    24
                24    24    24    24    24    24    24    24
                24    24    24    24
ispt( 11) =      1    25    49    73    97   121   145   169
               193   217   241   265   289   313   337   361
               385   409   433   457   481   505   529   553
               577   601   625   649   673   697   721   745
               769   793   817   841   865   889   913   937
               961   985  1009  1033  1057  1081  1105  1129
              1153  1177  1201  1225  1249  1273  1297  1321
              1345  1369  1393  1417
iipe( 11) =     24    24    24    24    24    24    24    24
                24    24    24    24    24    24    24    24
                24    24    24    24    24    24    24    24
                24    24    24    24    24    24    24    24
                24    24    24    24    24    24    24    24
                24    24    24    24    24    24    24    24
                24    24    24    24    24    24    24    24
                24    24    24    24
ispt( 12) =      1    25    49    73    97   121   145   169
               193   217   241   265   289   313   337   361
               385   409   433   457   481   505   529   553
               577   601   625   649   673   697   721   745
               769   793   817   841   865   889   913   937
               961   985  1009  1033  1057  1081  1105  1129
              1153  1177  1201  1225  1249  1273  1297  1321
              1345  1369  1393  1417
iipe( 12) =     24    24    24    24    24    24    24    24
                24    24    24    24    24    24    24    24
                24    24    24    24    24    24    24    24
                24    24    24    24    24    24    24    24
                24    24    24    24    24    24    24    24
                24    24    24    24    24    24    24    24
                24    24    24    24    24    24    24    24
                24    24    24    24
ispt( 13) =      1    25    49    73    97   121   145   169
               193   217   241   265   289   313   337   361
               385   409   433   457   481   505   529   553
               577   601   625   649   673   697   721   745
               769   793   817   841   865   889   913   937
               961   985  1009  1033  1057  1081  1105  1129
              1153  1177  1201  1225  1249  1273  1297  1321
              1345  1369  1393  1417
iipe( 13) =     24    24    24    24    24    24    24    24
                24    24    24    24    24    24    24    24
                24    24    24    24    24    24    24    24
                24    24    24    24    24    24    24    24
                24    24    24    24    24    24    24    24
                24    24    24    24    24    24    24    24
                24    24    24    24    24    24    24    24
                24    24    24    24
ispt( 14) =      1    25    49    73    97   121   145   169
               193   217   241   265   289   313   337   361
               385   409   433   457   481   505   529   553
               577   601   625   649   673   697   721   745
               769   793   817   841   865   889   913   937
               961   985  1009  1033  1057  1081  1105  1129
              1153  1177  1201  1225  1249  1273  1297  1321
              1345  1369  1393  1417
iipe( 14) =     24    24    24    24    24    24    24    24
                24    24    24    24    24    24    24    24
                24    24    24    24    24    24    24    24
                24    24    24    24    24    24    24    24
                24    24    24    24    24    24    24    24
                24    24    24    24    24    24    24    24
                24    24    24    24    24    24    24    24
                24    24    24    24
ispt( 15) =      1    25    49    73    97   121   145   179
               193   217   241   265   289   313   337   361
               385   409   433   457   481   505   529   553
               577   601   625   649   673   697   721   745
               769   793   817   841   865   889   913   937
               961   985  1009  1033  1057  1081  1105  1129
              1153  1177  1201  1225  1249  1273  1297  1321
              1345  1369  1393  1417
iipe( 15) =     24    24    24    24    24    24     6    14
                24    24    24    24    24    24    24    24
                24    24    24    24    24    24    24    24
                24    24    24    24    24    24    24    24
                24    24    24    24    24    24    24    24
                24    24    24    24    24    24    24    24
                24    24    24    24    24    24    24    24
                24    24    24    24
ispt( 16) =      1    25    49    73    97   121   145     0
               210   217   241   265   289   313   337   361
               385   409   433   457   481   505   529   553
               577   601   625   649   673   697   721   745
               769   793   817   841   865   889   913   937
               961   985  1020  1033  1057  1081  1105  1129
              1153  1177  1201  1225  1249  1273  1297  1321
              1345  1369  1393  1417
iipe( 16) =     24    24    24    24    24    24    11     0
                 7    24    24    24    24    24    24    24
                24    24    24    24    24    24    24    24
                24    24    24    24    24    24    24    24
                24    24    24    24    24    24    24    24
                24    20    13    24    24    24    24    24
                24    24    24    24    24    24    24    24
                24    24    24    24
ispt( 17) =      1    25    49    73    97   121   145     0
                 0   230   241   265   289   313   337   361
               385   409   433   457   481   505     0   553
               577   601   625   649   673   697   721   745
               769   793   817   841   865   889     0   942
               961     0     0  1049  1057  1081  1105  1129
              1153  1177  1201  1225  1249  1273  1297  1321
              1345  1369  1393  1417
iipe( 17) =     24    24    24    24    24    24    14     0
                 0    11    24    24    24    24    24    24
                24    24    24    24    24    10     0    24
                24    24    24    24    24    24    24    24
                24    24    24    24    24    16     0    19
                17     0     0     8    24    24    24    24
                24    24    24    24    24    24    24    24
                24    24    24    24
ispt( 18) =      1    25    49    73    97   121   145     0
                 0     0   245   265   289   313   337   361
               385   409   433   457   481     0     0   571
               577   601   625   649   673   697   721   745
               769   793   817   841   865   889   913     0
                 0     0  1030  1033  1057  1081  1105  1129
              1153  1177  1201  1225  1249  1273  1297  1321
              1345  1369  1393  1417
iipe( 18) =     24    24    24    24    24    24    17     0
                 0     0    20    24    24    24    24    24
                24    24    24    24    24     0     0     6
                24    24    24    24    24    24    24    24
                24    24    24    24    24    24    13     0
                 0     0     3    24    24    24    24    24
                24    24    24    24    24    24    24    24
                24    24    24    24
ispt( 19) =      1    25    49    73    97   121   145     0
                 0     0     0   278   289   313   337   361
               385   409   433   457   481     0     0     0
               577   601   625   649   673   697   721   745
               769   793   817   841   865   889   913   937
               961   985  1009  1033  1057  1081  1105  1129
              1153  1177  1201  1225  1249  1273  1297  1321
              1345  1369  1393  1417
iipe( 19) =     24    24    24    24    24    24    16     0
                 0     0     0    11    24    24    24    24
                24    24    24    24    15     0     0     0
                24    24    24    24    24    24    24    24
                24    24    24    24    24    24    24    24
                24    24    24    24    24    24    24    24
                24    24    24    24    24    24    24    24
                24    24    24    24
ispt( 20) =      1    25    49    73    97   121     0     0
                 0     0     0   284   289   313   337   361
               385   409   433   457   481     0     0     0
               597   601   625   649   673   697   721   745
               769   793   817   841   865   889   913   937
               961   985  1009  1033  1057  1081  1105  1129
              1153  1177  1201  1225  1249  1273  1297  1321
              1345  1369  1393  1417
iipe( 20) =     24    24    24    24    24    16     0     0
                 0     0     0     5    24    24    24    24
                24    24    24    24    16     0     0     0
                 4    24    24    24    24    24    24    24
                24    24    24    24    24    24    24    24
                24    24    24    24    24    24    24    24
                24    24    24    24    24    24    24    24
                24    24    24    24
ispt( 21) =      1    25    49    73    97   121     0     0
                 0     0   241   265   289   313   337   361
               385   409   433   457   481     0     0     0
               595   601   625   649   673   697   721   745
               769   793   817   841   865   889   913   937
               961   985  1009  1033  1057  1081  1105  1129
              1153  1177  1201  1225  1249  1273  1297  1321
              1345  1369  1393  1417
iipe( 21) =     24    24    24    24    24     3     0     0
                 0     0    24    24    24    24    24    24
                24    24    24    24    13     0     0     0
                 6    24    24    24    24    24    24    24
                24    24    24    24    24    24    24    24
                24    24    24    24    24    24    24    24
                24    24    24    24    24    24    24    24
                24    24    24    24
ispt( 22) =      1    25    49    73    97   121     0     0
               207   217   241   265   289   313   337   361
               385   409   433   457     0     0     0     0
                 0   608   625   649   673   697   721   745
               769   793   817   841   865   889   913   937
               961   985  1009  1033  1057  1081  1105  1129
              1153  1177  1201  1225  1249  1273  1297  1321
              1345  1369  1393  1417
iipe( 22) =     24    24    24    24    24    12     0     0
                10    24    24    24    24    24    24    24
                24    24    24    24     0     0     0     0
                 0    17    24    24    24    24    24    24
                24    24    24    24    24    24    24    24
                24    24    24    24    24    24    24    24
                24    24    24    24    24    24    24    24
                24    24    24    24
ispt( 23) =      1    25    49    73    97   121   145   169
               193   217   241   265   289   313   337   361
               385     0   441   457     0     0     0     0
                 0   609   625   649   673   697   721   745
               769   793   817   841   865   889   913   937
               961   985  1009  1033  1057  1081  1105  1129
              1153  1177  1201  1225  1249  1273  1297  1321
              1345  1369  1393  1417
iipe( 23) =     24    24    24    24    24    24    24    24
                24    24    24    24    24    24    24    24
                17     0    16     5     0     0     0     0
                 0    16    24    24    24    24    24    24
                24    24    24    24    24    24    24    24
                24    24    24    24    24    24    24    24
                24    24    24    24    24    24    24    24
                24    24    24    24
ispt( 24) =      1    25    49    73    97   121   145   169
               193   217   241   265   289   313   337   361
                 0     0     0     0     0     0     0     0
               589   601   625   649   673   697   721   760
               769   793   817   841   865   889   913   937
               961   985  1009  1033  1057  1081  1105  1129
              1153  1177  1201  1225  1249  1273  1297  1321
              1345  1369  1393  1417
iipe( 24) =     24    24    24    24    24    24    24    24
                24    24    24    24    24    24    24    17
                 0     0     0     0     0     0     0     0
                12    24    24    24    24    24    21     9
                24    24    24    24    24    24    24    24
                24    24    24    24    24    24    24    24
                24    24    24    24    24    24    24    24
                24    24    24    24
ispt( 25) =      1    25    49    73    97   121   145   169
               193   217   241   265   289   313   337   361
                 0     0     0     0     0     0     0     0
               577   601   641   649   673   697   721     0
               779   793   817   862   865   889   913   937
               961   985  1009  1033  1057  1081  1105  1129
              1153  1177  1201  1225  1249  1273  1297  1321
              1345  1369  1393  1417
iipe( 25) =     24    24    24    24    24    24    24    24
                24    24    24    24    24    24    24    24
                 0     0     0     0     0     0     0     0
                24     6     8    24    24    24    12     0
                14    24     3     3    24    24    24    24
                24    24    24    24    24    24    24    24
                24    24    24    24    24    24    24    24
                24    24    24    24
ispt( 26) =      1     0    49    73    97   121   145   169
               193   217   241   265   289   313   337   361
               385     0     0     0   502   505   534   553
               577     0   633   649   673   697     0     0
                 0     0     0     0     0     0   917   937
               961   985  1009  1033  1057  1081  1105  1129
              1153  1177  1201  1225  1249  1273  1297  1321
              1345  1369  1393  1417
iipe( 26) =      8     0    24    24    24    24    24    24
                24    24    24    24    24    24    24    24
                19     0     0     0     3    18    19    24
                13     0    16    24    24    12     0     0
                 0     0     0     0     0     0    20    24
                24    24    24    24    24    24    24    24
                24    24    24    24    24    24    24    24
                24    24    24    24
ispt( 27) =      0     0     0     0   114   121   145   169
               193   217   241   265   289   313   337   361
               385   409   433   457   481   505   529   553
               577     0     0     0     0     0     0     0
                 0     0     0     0     0     0   916   937
               961   985  1009  1033  1057  1081  1105  1129
              1153  1177  1201  1225  1249  1273  1297  1321
              1345  1369  1393  1417
iipe( 27) =      0     0     0     0     7    24    24    24
                24    24    24    24    24    24    24    24
                24    24    24    24    24    24    24    24
                 9     0     0     0     0     0     0     0
                 0     0     0     0     0     0    21    24
                24    24    24    24    24    24    24    24
                24    24    24    24    24    24    24    24
                24    24    24    13
ispt( 28) =      0     0     0     0     0   134   145   169
               193   217   241   265   289   313   337   361
               385   409   433   457   481   505   529   553
               577   601     0     0     0     0     0     0
                 0     0     0     0     0   910   913   937
               961   985  1009  1033  1057  1081  1105  1129
              1153  1177  1201  1225  1249  1273  1297  1321
              1345  1369  1393     0
iipe( 28) =      0     0     0     0     0    11    24    24
                24    24    24    24    24    24    24    24
                24    24    24    24    24    24    24    24
                24     8     0     0     0     0     0     0
                 0     0     0     0     0     3    24    24
                24    24    24    24    24    24    24    24
                24    24    24    24    24    24    24    24
                24    24     3     0
ispt( 29) =      0     0     0     0     0     0   155   169
               193   217   241   265   289   313   337   361
               385   409   433   457   481   505   550   553
               577   601     0     0     0     0     0     0
                 0     0     0     0     0     0     0   958
               961   985  1009  1033  1057  1081  1105  1129
              1153  1177  1201  1225  1249  1273  1297  1321
              1345  1369     0     0
iipe( 29) =      0     0     0     0     0     0    14    24
                24    24    24    24    24    24    24    24
                24    24    24    24    24    15     3    24
                24     8     0     0     0     0     0     0
                 0     0     0     0     0     0     0     3
                24    24    24    24    24    24    24    24
                24    24    24    24    24    24    24    24
                24    17     0     0
ispt( 30) =      0     0     0     0     0     0   162   169
               193   217   241   265   289   313   337   361
               385   409   433     0     0     0     0   561
               577     0     0     0     0     0     0     0
                 0     0     0     0     0     0     0     0
                 0   992  1009  1033  1057  1081  1105  1129
              1153  1177  1201  1225  1249  1273  1297  1321
              1345  1369     0     0
iipe( 30) =      0     0     0     0     0     0     7    24
                24    24    24    24    24    24    24    24
                24    24    20     0     0     0     0    16
                19     0     0     0     0     0     0     0
                 0     0     0     0     0     0     0     0
                 0    17    24    24    24    24    24    24
                24    24    24    24    24    24    24    24
                24    24     0     0
ispt( 31) =      0     0     0     0   112   121     0   173
               193   217   241   265   289   313   337   361
               385   409   433   457   481   505     0     0
                 0     0     0     0     0     0     0     0
                 0     0     0     0     0     0     0     0
               982   985  1009  1033  1057  1081  1105  1129
              1153  1177  1201  1225  1249  1273  1297  1321
              1345  1369     0     0
iipe( 31) =      0     0     0     0     9     7     0    20
                24    24    24    24    24    24    24    24
                24    24    24    24    24    14     0     0
                 0     0     0     0     0     0     0     0
                 0     0     0     0     0     0     0     0
                 3    24    24    24    24    24    24    24
                24    24    24    24    24    24    24    24
                24    17     0     0
ispt( 32) =      0     0     0    93    97   121     0     0
               198   217   241   265   289   313   337   361
               385   409   433   457   481   505   529     0
                 0     0     0     0     0     0     0     0
                 0     0     0     0     0     0     0     0
               982   985  1009  1033  1057  1081  1105  1129
              1153  1177  1201  1225  1249  1273  1297  1321
              1345     0     0     0
iipe( 32) =      0     0     0     4    24    18     0     0
                19    24    24    24    24    24    24    24
                24    24    24    24    24    24     7     0
                 0     0     0     0     0     0     0     0
                 0     0     0     0     0     0     0     0
                 3    24    24    24    24    24    24    24
                24    24    24    24    24    24    24    24
                19     0     0     0
ispt( 33) =      0     0    70    73    97   121   166   169
               193   217   241   265   289   313   337   361
               385   409   433   457   481   505   529     0
                 0     0     0     0     0     0     0     0
                 0     0     0     0     0     0     0     0
                 0  1004  1009  1033  1057  1081  1105  1129
              1153  1177  1201  1225  1249  1273  1297  1321
              1345     0     0     0
iipe( 33) =      0     0     3    24    24    18     3    24
                24    24    24    24    24    24    24    24
                24    24    24    24    24    24    21     0
                 0     0     0     0     0     0     0     0
                 0     0     0     0     0     0     0     0
                 0     5    24    24    24    24    24    24
                24    24    24    24    24    24    24    24
                 8     0     0     0
ispt( 34) =      0     0    65    73    97   121   162   169
               193   217   241   274   289   313   337   361
               385   409   433   457   501   505   529   553
                 0     0     0     0     0     0     0     0
                 0     0     0     0     0     0     0     0
                 0     0     0     0  1070  1081     0  1129
              1153  1177  1201     0  1259  1273  1297  1321
                 0     0     0     0
iipe( 34) =      0     0     8    24    24    19     7    24
                24    24    13    15    24    24    24    24
                24    24    24    15     4    24    24     3
                 0     0     0     0     0     0     0     0
                 0     0     0     0     0     0     0     0
                 0     0     0     0    11    19     0    24
                24    24    24     0    14    24    24    18
                 0     0     0     0
ispt( 35) =      0     0    65    73    97   121   145   169
               193   217   241   286   289   313   337   361
               385   409   433   457   502   505     0     0
                 0     0     0     0     0     0     0     0
                 0     0     0     0     0     0     0     0
                 0     0     0     0     0     0     0  1144
              1153  1177  1201  1225     0     0     0     0
                 0     0     0     0
iipe( 35) =      0     0     8    24    24    24    24    24
                24    24     4     3    24    24    24    24
                24    24    24    21     3    21     0     0
                 0     0     0     0     0     0     0     0
                 0     0     0     0     0     0     0     0
                 0     0     0     0     0     0     0     9
                24    24    24     3     0     0     0     0
                 0     0     0     0
ispt( 36) =      0     0    68    73    97   121   145   169
               193   217   241     0     0   316   337   361
               385   409   433   457   481   510     0   556
               577     0     0     0     0     0     0     0
                 0     0     0     0     0     0     0     0
                 0     0     0  1054  1057  1081  1105  1129
              1153  1177  1201     0     0     0     0     0
                 0     0     0     0
iipe( 36) =      0     0     5    24    24    24    24    24
                24    24    20     0     0    21    24    24
                24    24    24    24     4    16     0    21
                 5     0     0     0     0     0     0     0
                 0     0     0     0     0     0     0     0
                 0     0     0     3    24    24    24    24
                24    24    17     0     0     0     0     0
                 0     0     0     0
ispt( 37) =      0     0     0    81    97   121   145   169
               199   217   241     0     0     0   342   361
               385   409   433   457   481     0   544   553
               577     0     0     0     0     0     0     0
                 0     0     0     0     0     0     0     0
                 0   985  1009  1033  1057  1081  1105  1129
              1153  1177  1201     0     0     0     0     0
                 0     0     0     0
iipe( 37) =      0     0     0    16    24    24    24    14
                18    24    24     0     0     0    19    24
                24    24    24    24    16     0     9    24
                 5     0     0     0     0     0     0     0
                 0     0     0     0     0     0     0     0
                 0    24    24    24    24    24    24    24
                24    24    11     0     0     0     0     0
                 0     0     0     0
ispt( 38) =      0     0     0     0   110   121   145   169
               202   217   241     0     0     0   346   361
               385   409   433   457   481   505   529   553
               577     0     0     0     0     0     0     0
                 0     0     0     0     0     0     0     0
               961   985  1009  1033  1057  1081  1105  1129
              1153  1177  1201  1225  1249     0     0     0
                 0     0     0     0
iipe( 38) =      0     0     0     0    11    24    24    14
                15    24    21     0     0     0    15    24
                24    24    24    24    24    24    24    24
                18     0     0     0     0     0     0     0
                 0     0     0     0     0     0     0     0
                24    24    24    24    24    24    24    24
                24    24    24    24    11     0     0     0
                 0     0     0     0
ispt( 39) =      0     0     0     0     0   128   145   169
               199   217   241     0     0     0   357   361
               385   409   433   457   481   505   529   553
               577     0     0     0     0     0     0     0
                 0     0     0     0     0     0   932   937
               961   985  1009  1033  1057  1081  1105  1129
              1153  1177  1201  1225  1249  1273     0     0
                 0     0     0     0
iipe( 39) =      0     0     0     0     0    17    24    11
                18    24    24     0     0     0     4    24
                24    24    24    24    24    24    24    24
                20     0     0     0     0     0     0     0
                 0     0     0     0     0     0     5    24
                24    24    24    24    24    24    24    24
                24    24    24    24    24    21     0     0
                 0     0     0     0
ispt( 40) =      0     0     0     0   103   121   145   169
               193   217   241     0     0     0   357   361
               385   409   433   457   481   505   529   553
               577   601     0     0     0     0     0     0
                 0     0     0     0     0     0   932   937
               961   985  1009  1033  1057  1081  1105  1129
              1153  1177  1201  1225  1249  1273  1297     0
                 0     0     0     0
iipe( 40) =      0     0     0     0    18    24    24    24
                24    24    24     0     0     0     4    24
                24    24    24    24    24    24    24    24
                24     5     0     0     0     0     0     0
                 0     0     0     0     0     0     5    24
                24    24    24    24    24    24    24    24
                24    24    24    24    24    24     5     0
                 0     0     0     0
ispt( 41) =      0     0     0     0   100   121   145   169
               193   217   241   265   289   313   342   361
               385   409   433   457   481   505   529   553
               577   601     0     0     0     0     0     0
                 0     0     0     0     0     0   934   937
               961   985  1009  1033  1057  1081  1105  1129
              1153  1177  1201  1225  1249  1273  1297     0
                 0     0     0     0
iipe( 41) =      0     0     0     0    21    24    24    24
                24    24    24    24    24    12    19    24
                24    24    24    24    24    24    24    24
                24     8     0     0     0     0     0     0
                 0     0     0     0     0     0     3    24
                24    24    24    24    24    24    24    24
                24    24    24    24    24    24    21     0
                 0     0     0     0
ispt( 42) =      0     0     0    94    97   121   145   169
               193   217   241   265   289   313   337   361
               385   409   433   457   481   505   529   553
               577   601     0     0     0     0     0     0
                 0   811   817   856   865   889   913   937
               961   985  1009  1033  1057  1081  1105  1129
              1153  1177  1201  1225  1249  1273  1297  1321
                 0     0     0     0
iipe( 42) =      0     0     0     3    24    24    24    24
                24    24    24    24    24    24    24    24
                24    24    24    24    24    24    24    24
                24    15     0     0     0     0     0     0
                 0     6    12     9    24    24    24    24
                24    24    24    24    24    24    24    24
                24    24    24    24    24    24    24    12
                 0     0     0     0
ispt( 43) =      0     0     0    94    97   121   145   169
               193   217   241   265   289   313   337   361
               385   409   433   457   481   505   529   553
               577   601     0     0     0     0     0     0
               790   793   817   841   865   889   913   937
               961   985  1009  1033  1057  1081  1105  1129
              1153  1177  1201  1225  1249  1273  1297  1321
              1345     0     0     0
iipe( 43) =      0     0     0     3    24    24    24    24
                24    24    24    24    24    24    24    24
                24    24    24    24    24    24    24    24
                24    17     0     0     0     0     0     0
                 3    24    24    24    24    24    24    24
                24    24    24    24    24    24    24    24
                24    24    24    24    24    24    24    24
                10     0     0     0
ispt( 44) =      0     0     0    73    97   121   145   169
               193   217   241   265   289   313   337   361
               385   409   433   457   481   505   529   553
               577   601   625   649     0     0     0     0
               769   793   817   841   865   889   913   937
               961   985  1009  1033  1057  1081  1105  1129
              1153  1177  1201  1225  1249  1273  1297  1321
              1345     0     0     0
iipe( 44) =      0     0     0    24    24    24    24    24
                24    24    24    24    24    24    24    24
                24    24    24    24    24    24    24    24
                24    24    24    24     0     0     0     0
                24    24    24    24    24    24    24    24
                24    24    24    24    24    24    24    24
                24    24    24    24    24    24    24    24
                24     0     0     0

jspt(  1) =      1    27    53    79   105   131   157   183
               209   235   261   287   313   339   365   391
               417   443   470   497   524   551   578   605
               632   659   686   712   738   764   790   816
               842   868   894   920   946   972   998  1024
              1050  1076  1102  1128
jjpe(  1) =     26    26    26    26    26    26    26    26
                26    26    26    26    26    26    26    26
                26    27    27    27    27    27    27    27
                27    27    26    26    26    26    26    26
                26    26    26    26    26    26    26    26
                26    26    26    26
